     0.000      0.054     -0.002      0.014
     0.050     -0.058     -0.054     -0.024
     0.100     -0.022      0.022      0.000
     0.150      0.034      0.042      0.006
     0.200     -0.044     -0.038      0.134
     0.250      0.018      0.048     -0.120
     0.300      0.068     -0.022      0.056
     0.350      0.008      0.038     -0.036
     0.400     -0.018     -0.006      0.026
     0.450     -0.036      0.004     -0.038
     0.500      0.034      0.054      0.048
     0.550      0.012     -0.028     -0.042
     0.600     -0.048      0.000      0.030
     0.650      0.032      0.022     -0.036
     0.700     -0.038     -0.008     -0.004
     0.750      0.018      0.042      0.020
     0.800      0.028     -0.078     -0.024
     0.850     -0.054      0.022     -0.012
     0.900     -0.010     -0.010      0.004
     0.950     -0.032      0.056     -0.042
     1.000      0.066     -0.006      0.016
     1.050     -0.012      0.012      0.012
     1.100     -0.022     -0.014     -0.002
     1.150     -0.046     -0.004      0.000
     1.200      0.032     -0.026      0.026
     1.250      0.036      0.042     -0.068
     1.300     -0.040     -0.024     -0.044
     1.350     -0.048     -0.012      0.062
     1.400      0.054     -0.004      0.026
     1.450      0.054     -0.016      0.002
     1.500      0.030     -0.012      0.002
     1.550     -0.050      0.018     -0.016
     1.600     -0.080      0.016      0.020
     1.650     -0.008     -0.002     -0.014
     1.700      0.032     -0.046     -0.024
     1.750      0.016      0.010      0.036
     1.800      0.024      0.012     -0.024
     1.850     -0.026      0.024     -0.002
     1.900      0.038     -0.002     -0.032
     1.950      0.000     -0.026      0.048
     2.000     -0.056     -0.008     -0.014
     2.050     -0.014      0.018     -0.032
     2.100      0.030     -0.026      0.012
     2.150      0.028     -0.026      0.002
     2.200      0.030     -0.012      0.000
     2.250     -0.012      0.058      0.024
     2.300     -0.008      0.020      0.016
     2.350     -0.042     -0.052     -0.022
     2.400      0.008     -0.004     -0.026
     2.450      0.066      0.000      0.002
     2.500     -0.026      0.040      0.018
     2.550      0.012      0.000      0.024
     2.600     -0.038      0.000     -0.004
     2.650      0.020      0.006      0.006
     2.700     -0.010      0.014      0.006
     2.750      0.008     -0.020      0.004
     2.800      0.008      0.012     -0.022
     2.850     -0.022     -0.050      0.014
     2.900     -0.026      0.038     -0.050
     2.950      0.018      0.014      0.014
     3.000     -0.020     -0.032      0.040
     3.050      0.024      0.014     -0.034
     3.100      0.018     -0.024      0.016
     3.150     -0.030      0.016     -0.020
     3.200      0.010      0.006      0.004
     3.250     -0.044      0.024     -0.018
     3.300     -0.016     -0.022      0.070
     3.350     -0.020     -0.026     -0.014
     3.400     -0.012      0.040     -0.012
     3.450      0.034      0.022     -0.020
     3.500     -0.010     -0.046      0.012
     3.550     -0.012      0.014     -0.010
     3.600      0.000     -0.018      0.002
     3.650     -0.008      0.026      0.064
     3.700      0.014      0.030      0.018
     3.750     -0.054      0.040      0.004
     3.800      0.032      0.002     -0.066
     3.850      0.052      0.034     -0.030
     3.900      0.020      0.004      0.040
     3.950     -0.002     -0.036      0.000
     4.000     -0.058     -0.006     -0.008
     4.050     -0.016      0.032      0.012
     4.100      0.058     -0.008     -0.002
     4.150      0.018      0.026     -0.008
     4.200      0.038     -0.008      0.006
     4.250     -0.040     -0.058     -0.016
     4.300      0.018      0.040      0.076
     4.350      0.032      0.020     -0.022
     4.400     -0.024      0.034     -0.040
     4.450      0.032      0.026     -0.020
     4.500     -0.006     -0.058      0.018
     4.550     -0.054      0.034     -0.002
     4.600      0.002     -0.020     -0.012
     4.650      0.038     -0.010      0.006
     4.700      0.006     -0.042     -0.020
     4.750     -0.002     -0.020     -0.036
     4.800      0.030      0.034     -0.028
     4.850      0.036     -0.036      0.052
     4.900      0.028      0.026      0.042
     4.950      0.004      0.018     -0.046
     5.000     -0.010     -0.032      0.060
     5.050     -0.024     -0.006     -0.048
     5.100      0.010      0.018     -0.010
     5.150      0.080     -0.024      0.016
     5.200     -0.004      0.000     -0.002
     5.250     -0.046      0.018     -0.012
     5.300     -0.002     -0.042      0.070
     5.350      0.078      0.040     -0.018
     5.400      0.080     -0.036      0.020
     5.450      0.084     -0.030     -0.020
     5.500      0.044     -0.016     -0.030
     5.550     -0.042      0.026      0.012
     5.600     -0.054     -0.014      0.030
     5.650     -0.058     -0.032      0.028
     5.700      0.210      0.018      0.034
     5.750     -0.108     -0.010     -0.042
     5.800      0.210     -0.050      0.034
     5.850      0.640      0.086      0.066
     5.900      0.496     -0.028      0.026
     5.950      0.426     -0.102     -0.052
     6.000     -0.192      0.000      0.060
     6.050     -0.082      0.010      0.150
     6.100     -0.226     -0.016      0.022
     6.150      0.434     -0.040      0.036
     6.200      0.444     -0.020      0.040
     6.250      0.942     -0.126      0.070
     6.300      0.618     -0.052      0.046
     6.350      1.128     -0.020      0.118
     6.400     -0.318     -0.098      0.116
     6.450     -2.900     -0.046     -0.106
     6.500     -1.522     -0.002      0.120
     6.550      0.362      0.016      0.454
     6.600      0.546     -0.184      0.294
     6.650     -0.498      0.148     -0.330
     6.700     -2.364      0.148     -0.572
     6.750     -0.892     -0.076      0.356
     6.800     -4.136      0.298      0.376
     6.850     -0.340      0.216     -0.148
     6.900      0.136      0.120     -0.244
     6.950     -2.658      0.260     -0.018
     7.000     -0.710     -0.256      0.690
     7.050      1.994      0.278     -0.144
     7.100     -2.360      1.076     -1.206
     7.150     -6.158      0.796     -1.044
     7.200     -5.090      0.986     -0.374
     7.250     -1.930      0.188      0.584
     7.300      3.354      0.138      0.174
     7.350      6.948      0.266     -1.072
     7.400      4.454     -0.448     -1.738
     7.450     -4.682      0.750     -0.628
     7.500     -8.532      0.754      0.124
     7.550      3.750      0.388     -0.392
     7.600     10.128      0.828     -1.450
     7.650      6.092     -1.368     -0.608
     7.700     -0.884     -0.602     -0.484
     7.750      0.906     -0.450     -0.712
     7.800      5.984      2.048     -0.616
     7.850      0.654      2.682     -2.648
     7.900     11.900      0.050     -4.296
     7.950     20.544     -2.322      1.386
     8.000      8.070     -3.632      5.564
     8.050    -11.240     -2.452      3.058
     8.100     -8.906      2.410     -4.012
     8.150    -15.356      4.470     -1.050
     8.200    -11.100      1.512     -2.320
     8.250      3.410     -2.698     -0.612
     8.300     11.402     -4.294     -0.036
     8.350      5.112     -1.176      0.912
     8.400     -5.422      2.198      1.272
     8.450    -17.184      3.850      3.954
     8.500     -4.764      3.248      2.198
     8.550      3.260     -2.928      3.276
     8.600      5.808     -4.044      0.204
     8.650      8.134     -2.740     -0.670
     8.700      7.116      2.778      2.224
     8.750    -17.600     11.432     -2.032
     8.800     -8.256      8.406     -3.670
     8.850      1.014     -2.512      3.562
     8.900      7.440     -6.486     -2.276
     8.950     -1.256     -5.660      0.346
     9.000    -11.856     -4.654      6.482
     9.050    -16.104     -1.462      6.632
     9.100      3.614      5.686      3.040
     9.150      9.820      4.312     -3.788
     9.200     26.562     -4.802     -2.824
     9.250     25.492     -9.702      0.888
     9.300     -4.240     -1.126      3.156
     9.350    -30.786      5.440      1.928
     9.400     -7.472     -0.256     -2.840
     9.450     13.704     -3.100     -4.160
     9.500     17.242     -4.574     -3.146
     9.550    -19.766     -1.808     -2.962
     9.600    -27.760      5.156     -5.602
     9.650     -4.186     11.736     -4.184
     9.700     23.194     10.058     -0.462
     9.750     17.768      2.266      1.460
     9.800     -2.964     -4.530     -4.032
     9.850     -2.968    -10.928      5.510
     9.900      2.206    -10.204     16.124
     9.950      9.254      0.626      4.316
    10.000      8.406     10.600    -12.204
    10.050      5.400      7.922    -13.858
    10.100     -1.496     -0.728      2.294
    10.150    -10.356     -7.136     16.080
    10.200     -3.144      8.704     -7.304
    10.250     -3.114     12.810    -12.872
    10.300    -20.398      0.286     -2.544
    10.350     -9.062    -12.980     14.174
    10.400      0.340    -18.388     18.436
    10.450     -5.608     -5.322     -7.350
    10.500     -0.396      6.292    -18.824
    10.550     10.638      2.426     -2.528
    10.600     12.406      0.926      5.534
    10.650      4.060      5.188      5.834
    10.700     -7.320      1.632     -2.620
    10.750      2.636      6.788     -6.794
    10.800     13.212      0.054     -4.726
    10.850      5.048      1.862     -8.960
    10.900     -5.692     -6.364      6.444
    10.950     -5.492     -7.096     11.402
    11.000      3.232      5.562     14.540
    11.050     -4.270     13.132      7.424
    11.100      1.790     -0.530     -6.994
    11.150    -11.852    -16.220     -7.782
    11.200    -12.434    -12.260     -3.678
    11.250     -8.536     -2.018     -1.712
    11.300      6.126     -3.092      4.428
    11.350      3.774      4.042      3.180
    11.400      6.674      5.470     -1.342
    11.450      4.142      1.318     -3.428
    11.500     16.428     -3.108      0.484
    11.550     19.388      2.016      2.768
    11.600      1.594     15.454     -1.906
    11.650     -5.418     13.714     -2.058
    11.700     -8.984     -0.344      2.412
    11.750    -12.892    -15.240      0.184
    11.800     -8.268     -7.634     -0.498
    11.850     -8.148      0.576      9.130
    11.900     -6.950      4.206      5.138
    11.950     -9.714     -5.200     -1.912
    12.000     -4.012     -9.630     -7.684
    12.050      4.774     -4.164      2.242
    12.100     20.572     -2.812      4.534
    12.150     23.004      1.800      7.248
    12.200      8.472      2.874      9.518
    12.250     12.600     15.580      3.312
    12.300      9.492      2.746     -8.726
    12.350    -10.536    -11.490    -16.054
    12.400    -11.036     -2.340    -13.246
    12.450     -6.424     14.484     -6.304
    12.500     -9.294     17.432     -5.262
    12.550    -16.904      7.354     -5.704
    12.600    -16.218     -1.666      2.436
    12.650      1.602     -9.752     -5.420
    12.700     -0.344    -14.396     -5.618
    12.750      7.470    -14.122     14.390
    12.800     13.570    -10.410     20.374
    12.850     16.176     -4.272      5.300
    12.900     -0.538     -2.506      0.800
    12.950    -13.958      1.456      2.938
    13.000     -4.484      4.598     -4.790
    13.050      8.134     20.536    -10.066
    13.100      1.732     19.274    -10.530
    13.150      0.648     10.542    -14.042
    13.200     -0.924     -2.258     -9.170
    13.250     -4.830     -5.616      7.122
    13.300    -10.118     -4.576      8.396
    13.350    -10.574      2.280      0.874
    13.400      2.480     -3.252      4.958
    13.450      6.944     -2.978      9.954
    13.500      7.062     -7.338     12.890
    13.550      0.172    -10.388      2.824
    13.600      2.986     -4.826    -16.976
    13.650      1.860     -4.526    -18.102
    13.700     11.360     -0.836     -0.200
    13.750      1.646      1.628     17.782
    13.800    -10.140      4.074     16.912
    13.850      0.686      4.758      2.742
    13.900      8.868      3.278     -5.096
    13.950      5.106      9.294     -1.544
    14.000     -1.532     10.836      3.094
    14.050     -4.172      6.346      0.652
    14.100      9.368     -0.638     -0.882
    14.150      4.482     -5.780     11.194
    14.200    -18.398    -12.482     14.104
    14.250    -12.698    -14.082      2.112
    14.300      5.152    -14.776     -1.206
    14.350     10.980     -7.716     -3.172
    14.400      4.744      1.662    -10.032
    14.450      2.582      9.826    -10.810
    14.500     -5.390     17.502     -3.776
    14.550     -2.800     19.458    -13.376
    14.600      2.336     10.042    -19.638
    14.650     -8.896     -1.732     -9.440
    14.700     -3.354    -16.184      6.740
    14.750     -4.960    -26.212     20.762
    14.800     -5.552    -17.938     13.092
    14.850      1.658      4.114      3.142
    14.900     -5.272     11.018      2.790
    14.950     -8.650     11.548      2.156
    15.000     -2.558     -1.106      6.312
    15.050      2.340     -6.846      1.092
    15.100      1.496     -0.160    -16.050
    15.150      5.178      0.992    -24.762
    15.200      8.458     -2.106    -10.000
    15.250      5.266      5.968      1.830
    15.300     10.460      9.822      2.252
    15.350      5.138      8.944      7.328
    15.400    -10.234      6.288     11.550
    15.450    -10.362      1.462     10.438
    15.500      2.040     -2.724      4.664
    15.550      9.636     -9.650     -3.248
    15.600     11.394     -7.878      2.964
    15.650     -2.332     -2.976      5.018
    15.700     -1.722     -5.566     -6.104
    15.750      1.206      1.234    -14.358
    15.800     -4.354     13.682    -10.918
    15.850      1.446     11.320     -8.148
    15.900     -0.912      1.804      0.564
    15.950      1.124     -2.930      6.930
    16.000     -5.262      8.702      8.878
    16.050     -5.568      5.724      7.568
    16.100     -5.658      0.090      7.132
    16.150      2.804     -6.008      4.278
    16.200     -0.038     -4.604     -3.374
    16.250    -10.988     -3.870    -11.496
    16.300     -6.804      1.982    -13.280
    16.350     -0.854     -2.004     -6.254
    16.400      5.258     -2.914     -4.580
    16.450     19.514     -2.346     -2.062
    16.500     13.298     -3.944      8.120
    16.550      6.568      0.618      5.520
    16.600     -1.866     -0.926      5.784
    16.650     -0.180     -1.652      6.506
    16.700      1.176      3.562      0.940
    16.750     -4.806     -1.494      1.654
    16.800     -7.034     -1.212      4.244
    16.850     -4.456      5.336      4.730
    16.900     -2.032      4.342      4.370
    16.950     -3.240     -2.500     -1.094
    17.000     -3.970     -5.458    -14.144
    17.050     13.262     -5.108    -16.142
    17.100     13.482     -6.784     -4.404
    17.150      3.450     -8.010      5.662
    17.200     -7.744     -3.796     11.852
    17.250    -12.994     -0.498      9.752
    17.300     -9.542     -3.506     12.880
    17.350      0.866     -6.994     15.924
    17.400      8.802     -4.502     13.028
    17.450      7.046      0.040     -2.964
    17.500     -0.410     12.576    -10.628
    17.550     12.554     15.526    -11.936
    17.600     16.282      2.880    -18.230
    17.650      9.392      3.634     -8.628
    17.700     -6.270     10.122      0.672
    17.750     -8.816      2.854     -2.808
    17.800    -11.614     -6.998     -3.900
    17.850     -9.862     -3.722      0.976
    17.900    -10.530      3.138     -2.538
    17.950    -12.302      6.150     -4.050
    18.000     -7.876      0.716      8.712
    18.050     -8.422     -6.402     14.530
    18.100      0.700     -8.536      8.880
    18.150      3.036     -2.480     -3.190
    18.200      6.118      5.522     -5.248
    18.250      6.280      4.116     -4.150
    18.300      4.976     -1.310     -5.354
    18.350      8.170     -7.782     -5.900
    18.400      7.254     -3.178     -5.442
    18.450     -2.972      3.540      3.418
    18.500     -4.502      5.034      4.070
    18.550     -2.798     -0.246      6.302
    18.600     -5.132     -5.588     10.084
    18.650     -9.180      2.478      3.744
    18.700    -12.458      7.420    -10.290
    18.750     -9.858      8.646     -7.632
    18.800     -0.498      2.220     -1.004
    18.850      1.648     -0.188     -9.498
    18.900      2.790      4.608    -11.508
    18.950      4.552      5.760     -3.530
    19.000      3.232     -6.368      5.620
    19.050     -2.208    -17.080      3.422
    19.100      3.082     -8.146      0.112
    19.150     10.250      2.900      2.180
    19.200      7.658     -4.312     -5.018
    19.250      5.268    -12.706     -2.414
    19.300      1.626      1.268     -5.182
    19.350     -5.866     13.236     -6.646
    19.400     -6.102     11.272     -3.146
    19.450      3.520      6.622     -0.942
    19.500     11.292      0.972      0.514
    19.550      8.460      3.506      7.940
    19.600      0.782     -1.586      7.668
    19.650      0.440    -12.440     10.762
    19.700     -3.408    -14.514     18.896
    19.750      3.160     -5.722     15.014
    19.800      3.140     -4.488      5.278
    19.850     -1.898     -6.434     -6.580
    19.900      1.192     -1.008    -12.194
    19.950      2.192      6.064    -11.928
    20.000      1.882     12.156    -10.672
    20.050    -10.010     15.052     -4.212
    20.100    -14.488      6.524     -1.788
    20.150     -9.026     -0.090     -0.858
    20.200     -2.512     -6.240     -4.816
    20.250     -3.262     -1.240     -4.322
    20.300     -3.132      2.722      3.000
    20.350     -2.054      2.770      6.226
    20.400      4.130      5.954     -1.886
    20.450      0.716      4.266    -10.086
    20.500     -3.786     -3.154    -10.752
    20.550     -9.214     -2.270    -12.098
    20.600    -10.258     -1.306     -8.214
    20.650     -5.720     -5.444     -3.366
    20.700      0.066     -1.932      2.728
    20.750     13.220     -1.016     -2.138
    20.800      9.600      0.354     -1.912
    20.850     -0.190     -0.200     -0.620
    20.900     -0.364     -6.684      2.454
    20.950      1.106    -12.058      4.808
    21.000      5.434    -11.328      6.910
    21.050      9.850     -8.000      8.920
    21.100      2.938    -11.714      2.724
    21.150      1.260    -16.302      4.934
    21.200      0.940    -15.122      9.454
    21.250      4.326    -12.680     11.702
    21.300      6.000    -14.098      9.772
    21.350      3.204    -12.752     -3.408
    21.400     -2.476    -11.802     -5.148
    21.450     -6.976     -9.226      3.448
    21.500     -4.632     -6.458     17.164
    21.550     -0.894     -6.758     26.392
    21.600     -3.528     -6.838     25.916
    21.650     -1.148     -2.580     17.008
    21.700     -1.084      1.584     14.550
    21.750      1.966      3.398     15.828
    21.800      3.590     -7.210     12.394
    21.850     -4.774    -19.642      1.356
    21.900     -3.334    -20.760     -5.980
    21.950     -0.354    -13.586     -3.252
    22.000     -6.678     -0.304     -2.356
    22.050     -2.334     12.958     -3.524
    22.100     -1.584     13.270     10.630
    22.150      1.390     17.156     27.870
    22.200      4.234     23.130     31.970
    22.250      7.576     19.828     24.254
    22.300      6.248     13.126     13.706
    22.350      0.414      3.748      5.874
    22.400      5.396     -3.470      6.924
    22.450      8.618     -0.086     14.520
    22.500     13.320      2.660     16.014
    22.550     16.948      5.376     14.026
    22.600     10.704     11.608     12.282
    22.650      5.632     18.148     10.136
    22.700      7.432     21.880     11.688
    22.750      5.332     22.394      0.946
    22.800      5.538     23.220    -14.820
    22.850      4.750     16.412    -29.960
    22.900      1.702      8.050    -36.516
    22.950     -6.298      2.976    -42.162
    23.000     -8.534      8.354    -49.360
    23.050     -7.822     15.416    -44.574
    23.100     -9.208     14.370    -32.044
    23.150     -8.226      3.174    -28.098
    23.200     -2.562     -6.194    -27.602
    23.250     -3.058      1.074    -27.746
    23.300     -5.450     21.864    -24.180
    23.350     -4.830     43.124    -12.838
    23.400     -7.028     52.892     -3.890
    23.450     -4.904     52.190      0.082
    23.500     -4.194     42.786     -0.930
    23.550     -9.254     27.004     -9.834
    23.600    -16.628     17.952    -17.324
    23.650    -16.254     21.036    -17.460
    23.700    -10.392     31.744    -12.754
    23.750     -5.916     38.208    -11.552
    23.800      0.096     21.536    -25.408
    23.850      1.000    -11.766    -45.160
    23.900     -0.402    -34.472    -53.286
    23.950     -5.960    -41.308    -56.338
    24.000     -1.244    -39.370    -57.696
    24.050      0.064    -34.590    -56.046
    24.100      1.894    -34.862    -47.508
    24.150      2.126    -38.196    -32.582
    24.200      1.692    -39.346    -18.616
    24.250     -0.926    -38.878     -4.296
    24.300      0.454    -31.400     23.514
    24.350     -0.640    -23.844     50.042
    24.400     -3.656    -25.534     64.878
    24.450     -0.896    -32.002     71.388
    24.500      3.326    -35.750     78.586
    24.550      7.172    -32.152     90.378
    24.600      4.942    -26.220     96.796
    24.650      3.882    -24.886     87.662
    24.700      5.704    -31.262     60.940
    24.750      6.118    -28.002     41.228
    24.800      4.602    -16.756     37.852
    24.850      6.248     -8.482     34.346
    24.900     10.404     -8.092     21.218
    24.950     15.720    -13.698      5.890
    25.000     14.696    -16.006     -2.606
    25.050      7.334    -12.032      2.450
    25.100      1.880     -8.022     13.494
    25.150      0.748     -5.882     25.802
    25.200      3.844     -7.494     29.224
    25.250      8.990    -10.032     24.092
    25.300      9.088    -14.220     12.058
    25.350      7.566    -23.266     -1.240
    25.400      0.928    -31.944     -9.288
    25.450     -0.906    -32.670    -12.236
    25.500      3.322    -16.814    -11.398
    25.550      2.816     -0.664    -14.584
    25.600     -2.622     12.788    -20.384
    25.650     -7.034     24.274    -18.952
    25.700    -11.024     32.052    -14.156
    25.750     -9.368     30.064    -17.896
    25.800    -12.254     30.248    -26.306
    25.850    -16.872     41.668    -25.074
    25.900    -17.290     56.214    -14.822
    25.950    -14.308     63.754    -10.870
    26.000    -16.408     57.984    -19.712
    26.050    -17.642     46.278    -28.238
    26.100    -16.328     37.620    -16.748
    26.150    -13.148     25.548      5.950
    26.200     -8.612     12.754     18.058
    26.250     -2.150      9.798     15.322
    26.300      2.630     19.748      0.596
    26.350      4.620     27.500    -12.834
    26.400      5.408     30.586    -20.986
    26.450      2.550     28.460    -22.478
    26.500      1.870     19.756    -19.352
    26.550      1.124      6.684    -14.998
    26.600     -0.554     -6.758    -15.198
    26.650     -3.302    -11.022    -11.984
    26.700     -5.716     -3.552     -4.504
    26.750     -3.886      2.376      1.662
    26.800     -1.580      0.470      8.428
    26.850      8.594     -6.454     13.494
    26.900      8.190    -14.326     11.798
    26.950      9.396     -9.292      8.890
    27.000      8.302     -6.124     -3.402
    27.050      6.370     -7.864    -14.602
    27.100      3.920     -9.574    -17.638
    27.150      5.670     -8.850    -15.170
    27.200     12.236     -3.628    -16.358
    27.250      8.738     -0.940    -27.328
    27.300      4.298      2.378    -41.068
    27.350      1.912      9.056    -50.504
    27.400      2.816     17.694    -46.722
    27.450      8.824     18.900    -28.906
    27.500     14.502     11.216    -11.514
    27.550     17.674      5.202      1.212
    27.600     17.362      3.958     11.092
    27.650     18.250     -0.836     24.594
    27.700     13.894    -11.296     31.346
    27.750     12.912    -21.198     30.204
    27.800     14.102    -21.680     28.820
    27.850     16.614    -17.700     23.566
    27.900     12.312    -14.184      2.370
    27.950      9.286    -10.016    -19.796
    28.000      8.546     -4.664    -21.100
    28.050      5.766    -10.924    -10.902
    28.100      3.280    -20.668     -3.842
    28.150      0.668    -17.844      5.572
    28.200      1.706     -9.962     14.396
    28.250     -0.118     -9.330     12.944
    28.300     -5.134    -14.560      6.886
    28.350    -10.500    -18.310     15.120
    28.400     -6.478    -17.720     27.620
    28.450     -4.202    -16.852     35.404
    28.500     -6.184    -10.792     31.874
    28.550     -8.842      2.198     26.952
    28.600    -14.438      9.410     25.964
    28.650    -18.604      6.100     22.920
    28.700    -15.374     -2.970     21.018
    28.750     -8.804     -8.638     18.498
    28.800     -5.622     -9.638     18.330
    28.850     -7.654     -6.898     16.702
    28.900    -11.876     -3.038     11.492
    28.950    -15.138      2.754      4.610
    29.000    -17.038      1.280      0.420
    29.050    -16.810     -8.384     -1.334
    29.100    -18.044    -16.236     -1.286
    29.150    -16.350    -19.450     -0.420
    29.200    -10.536    -24.012     -6.186
    29.250     -7.938    -31.112    -12.224
    29.300     -9.970    -34.544    -17.746
    29.350     -9.172    -30.078    -23.256
    29.400     -9.460    -18.890    -24.998
    29.450     -8.194     -7.584    -23.370
    29.500     -8.306      4.998    -19.802
    29.550     -6.246     16.520    -12.462
    29.600     -5.502     22.088      0.580
    29.650     -4.492     22.696     19.820
    29.700     -4.550     15.080     30.072
    29.750     -4.080      3.764     23.650
    29.800     -5.456      4.980     12.852
    29.850     -3.932     21.134      6.616
    29.900     -1.440     37.956      4.834
    29.950      1.258     44.724     -3.126
    30.000      5.262     42.882     -8.976
    30.050      7.506     37.812     -7.932
    30.100      9.092     33.740     -6.760
    30.150     10.596     29.910    -11.028
    30.200     11.392     22.894    -16.552
    30.250     16.150     13.798    -15.914
    30.300     18.696      8.468     -7.224
    30.350     22.590     -0.580      0.768
    30.400     23.880    -10.228      6.486
    30.450     24.546    -11.242      9.408
    30.500     23.766     -8.598      6.230
    30.550     18.940     -5.148      1.460
    30.600     14.148      2.854      1.554
    30.650     11.458      9.796      2.718
    30.700      9.700     10.762      9.694
    30.750     10.206      6.236     13.050
    30.800      7.110      0.416     14.316
    30.850      2.750     -4.940     10.998
    30.900      1.448     -6.204      4.484
    30.950      1.518     -6.328     -4.208
    31.000      0.088     -1.544     -9.044
    31.050      3.436     10.310    -12.682
    31.100      3.026     19.980    -19.036
    31.150      2.400     23.204    -27.698
    31.200     -2.368     20.488    -32.788
    31.250     -3.392     13.312    -31.306
    31.300     -4.254      0.468    -31.502
    31.350     -5.538    -13.828    -31.568
    31.400     -6.860    -20.230    -28.106
    31.450     -8.816    -16.100    -25.254
    31.500     -8.370    -12.062    -24.790
    31.550     -6.016    -12.538    -25.090
    31.600     -9.218    -13.422    -23.504
    31.650    -11.862    -10.712    -24.536
    31.700    -13.102     -5.796    -25.176
    31.750    -11.448     -0.490    -21.780
    31.800     -9.600     -0.926    -15.260
    31.850     -7.716     -5.342     -4.906
    31.900     -6.888     -7.288      4.818
    31.950     -3.912     -9.764     13.478
    32.000     -3.468    -12.930     20.690
    32.050     -4.796    -19.200     23.698
    32.100     -8.596    -25.110     24.952
    32.150     -9.114    -26.230     27.330
    32.200     -8.952    -22.342     29.246
    32.250     -7.426    -19.662     28.190
    32.300     -4.126    -25.006     22.984
    32.350     -3.968    -32.272     21.538
    32.400     -7.276    -33.750     24.968
    32.450     -4.768    -28.604     27.490
    32.500     -0.094    -21.844     23.662
    32.550      1.986    -13.786     16.654
    32.600      1.846     -4.412     12.072
    32.650      2.694      5.216      6.604
    32.700      3.110     12.852      6.810
    32.750      4.412     16.088     13.462
    32.800      7.608     12.900     17.876
    32.850      7.014      8.534     17.522
    32.900      6.362     11.008     16.704
    32.950      7.506     15.700     18.072
    33.000      7.884     15.550     19.138
    33.050      7.068     12.466     15.432
    33.100      8.250      6.110     10.726
    33.150      9.088      2.888      7.614
    33.200      6.156      4.188      4.800
    33.250      5.030      7.372      3.082
    33.300      3.030     10.922      2.622
    33.350      2.180     18.020      2.852
    33.400      2.688     25.162      0.412
    33.450     -0.304     29.558     -3.638
    33.500     -1.998     29.638     -8.926
    33.550     -2.864     27.158    -12.054
    33.600     -4.440     23.926    -11.446
    33.650     -4.856     22.264    -11.496
    33.700     -4.726     22.112    -11.082
    33.750     -5.498     20.778     -9.480
    33.800     -5.442     15.048     -7.142
    33.850     -3.820      5.958     -8.764
    33.900     -1.576     -2.928    -14.942
    33.950     -0.812     -7.558    -19.862
    34.000      0.524    -10.290    -20.836
    34.050      1.148    -12.334    -22.796
    34.100      0.986     -8.220    -29.042
    34.150      4.492     -3.658    -35.686
    34.200      4.808     -5.576    -37.548
    34.250      4.094    -10.466    -35.204
    34.300      3.442    -13.548    -31.182
    34.350      4.076    -16.704    -27.340
    34.400      5.278    -15.452    -20.004
    34.450      4.424    -13.660    -11.366
    34.500      2.566    -12.802     -4.246
    34.550      0.750    -13.258      3.948
    34.600     -2.484    -15.916     11.880
    34.650     -5.460    -19.744     16.036
    34.700     -7.360    -19.972     16.510
    34.750     -7.970    -18.014     16.286
    34.800     -7.832    -15.314     16.110
    34.850     -6.240     -9.308     19.094
    34.900     -2.706     -0.446     18.436
    34.950      1.140      5.896     12.422
    35.000      3.116      9.894      8.722
    35.050      2.418     15.470      5.032
    35.100      2.012     21.950     -1.298
    35.150      1.946     28.678     -6.040
    35.200      1.346     34.184     -7.844
    35.250      1.340     37.998     -6.194
    35.300      1.094     36.770     -6.020
    35.350      1.560     29.676     -5.620
    35.400      1.170     22.058     -2.528
    35.450      1.484     15.232      4.002
    35.500      1.520      6.644     13.066
    35.550      0.308     -2.618     17.284
    35.600     -0.836     -6.956     14.366
    35.650     -4.626     -7.308     10.218
    35.700     -6.648     -8.248     10.026
    35.750     -6.836     -9.718      8.666
    35.800     -7.328    -13.012      4.266
    35.850     -8.342    -16.530      2.406
    35.900     -7.320    -17.514      2.746
    35.950     -6.992    -19.940      5.732
    36.000     -6.578    -24.710      7.886
    36.050     -6.192    -28.822      7.672
    36.100     -5.190    -30.446      7.152
    36.150     -4.772    -28.038      7.164
    36.200     -1.982    -21.956      8.932
    36.250      0.680    -16.738     10.700
    36.300      4.002    -13.254     13.460
    36.350      5.694    -10.224     17.336
    36.400      5.990     -9.710     19.648
    36.450      4.332    -12.616     14.108
    36.500      2.224    -13.560      6.048
    36.550      2.554    -12.494     -0.814
    36.600      3.764    -11.708     -5.390
    36.650      6.002    -13.244    -11.630
    36.700      8.246    -14.156    -17.116
    36.750      7.946    -12.748    -19.442
    36.800      6.408    -10.762    -21.090
    36.850      4.534     -7.320    -20.470
    36.900      3.932     -0.562    -16.948
    36.950      3.368      7.350    -14.346
    37.000      3.280     15.534    -10.340
    37.050      3.502     21.910     -5.554
    37.100      5.084     25.274     -4.738
    37.150      4.706     27.280     -6.410
    37.200      3.876     28.638     -9.722
    37.250      3.268     29.498    -10.812
    37.300      2.536     32.214     -7.256
    37.350      2.722     33.900     -1.030
    37.400      1.846     30.548      4.316
    37.450      0.208     22.686      6.298
    37.500     -3.214     14.256      3.792
    37.550     -6.062      7.344      3.078
    37.600     -9.596      2.220      6.086
    37.650    -10.272      0.516     10.188
    37.700     -9.372      1.958     12.662
    37.750     -7.462      5.234     14.092
    37.800     -6.364      7.636     16.184
    37.850     -5.954     10.242     17.064
    37.900     -3.584     12.044     14.518
    37.950     -2.152     12.858      9.098
    38.000     -1.050     13.994      6.906
    38.050     -0.436     13.450      9.270
    38.100      0.072      7.924     10.102
    38.150      0.122     -0.856      8.610
    38.200     -0.722     -9.970      5.572
    38.250     -0.128    -15.366      1.140
    38.300      0.180    -19.622     -1.150
    38.350      0.968    -21.790     -0.786
    38.400      2.984    -19.964     -0.824
    38.450      5.038    -15.200     -3.274
    38.500      6.138    -11.166     -8.062
    38.550      5.812    -10.724    -10.828
    38.600      4.268    -11.870    -10.878
    38.650      3.168    -12.062    -10.578
    38.700      3.098    -11.562    -11.006
    38.750      2.742     -9.836    -10.408
    38.800      1.386     -7.082     -7.736
    38.850     -0.454     -3.420     -6.228
    38.900     -2.794     -3.730     -6.820
    38.950     -2.656     -7.482     -6.452
    39.000     -1.474    -12.634     -4.118
    39.050     -1.586    -15.292     -1.422
    39.100     -2.312    -12.270     -0.222
    39.150     -3.614     -7.816     -2.092
    39.200     -3.400     -7.458     -3.106
    39.250     -4.306    -10.216     -3.212
    39.300     -4.800    -12.298     -2.504
    39.350     -4.976    -10.280     -4.354
    39.400     -3.812     -5.120     -6.684
    39.450     -1.688      1.236     -8.400
    39.500     -0.710      7.972    -10.538
    39.550     -0.016     12.924    -15.604
    39.600      1.768     15.102    -20.174
    39.650      3.266     14.066    -20.466
    39.700      4.084     12.064    -17.266
    39.750      3.052     11.232    -11.066
    39.800      3.056     11.402     -7.442
    39.850      2.920      9.226     -6.228
    39.900      2.874      6.406     -4.294
    39.950      1.752      5.688     -0.768
    40.000      0.558      3.948      3.234
    40.050     -0.598      3.004      8.252
    40.100     -0.146      4.598     12.398
    40.150      0.468      4.520     14.954
    40.200     -0.350      4.652     13.496
    40.250     -1.476      6.972      9.368
    40.300     -0.744      8.374      5.352
    40.350      1.430      8.154      4.870
    40.400      3.804      7.424      8.778
    40.450      5.214      6.068     15.128
    40.500      6.784      4.754     20.396
    40.550      7.692      1.746     24.296
    40.600      7.374      0.376     27.382
    40.650      5.102      2.908     28.302
    40.700      4.452      7.650     26.356
    40.750      5.872     11.386     21.984
    40.800      6.520     12.056     19.468
    40.850      6.794     10.274     18.110
    40.900      5.148      7.142     16.248
    40.950      2.948      3.968     15.630
    41.000      0.392      1.524     14.700
    41.050     -0.788     -0.504     11.938
    41.100     -2.304     -3.210      6.550
    41.150     -3.720     -6.190      0.284
    41.200     -4.844     -8.180     -4.616
    41.250     -6.492     -9.644     -7.910
    41.300     -7.494    -13.124     -9.254
    41.350     -8.248    -16.950     -9.418
    41.400    -10.072    -18.656     -9.820
    41.450    -11.314    -18.896    -11.954
    41.500    -10.612    -18.256    -13.668
    41.550    -10.042    -17.090    -16.794
    41.600     -9.114    -15.520    -19.698
    41.650     -8.498    -12.090    -21.326
    41.700     -7.784     -8.600    -22.126
    41.750     -7.638     -5.562    -21.046
    41.800     -7.026     -2.478    -16.944
    41.850     -5.872      0.502    -11.682
    41.900     -5.202      0.650     -5.926
    41.950     -3.790      0.566     -0.636
    42.000     -1.350      0.130      2.490
    42.050      1.236     -1.080      4.312
    42.100      4.486     -2.392      3.624
    42.150      6.726     -3.090      1.782
    42.200      8.596     -3.586     -0.334
    42.250     10.426     -5.112     -2.380
    42.300     11.820     -5.130     -5.666
    42.350     11.598     -3.022     -9.794
    42.400     12.056     -1.236    -14.362
    42.450     12.578      0.368    -17.104
    42.500     11.928      2.442    -16.594
    42.550     11.954      4.768    -15.406
    42.600     11.482      6.474    -13.876
    42.650     10.880      7.308    -11.810
    42.700      9.832      7.886     -7.202
    42.750      8.668      8.754     -4.800
    42.800      6.778      9.758     -4.942
    42.850      4.706     11.094     -3.402
    42.900      1.958     11.686      0.622
    42.950     -1.662     10.790      5.250
    43.000     -4.382      9.882      6.270
    43.050     -7.262     10.500      6.346
    43.100     -9.932     13.060      9.080
    43.150    -12.734     13.958     12.900
    43.200    -14.780     13.000     15.458
    43.250    -16.670     11.760     14.100
    43.300    -16.590     10.754      9.596
    43.350    -15.676      8.412      6.330
    43.400    -14.980      4.086      5.560
    43.450    -13.168     -1.276      6.126
    43.500    -10.584     -6.410      5.178
    43.550     -7.588     -9.910      5.130
    43.600     -5.264    -11.158      7.660
    43.650     -4.332    -10.040      9.476
    43.700     -2.070     -8.118      6.430
    43.750      1.502     -6.206      1.898
    43.800      4.734     -3.714     -0.686
    43.850      5.698     -2.232      0.110
    43.900      7.108     -1.506      1.676
    43.950      9.350     -1.990      2.074
    44.000     11.550     -3.224      3.026
    44.050     12.108     -2.738      4.712
    44.100     11.602     -1.412      8.782
    44.150     11.596     -1.690     11.258
    44.200     12.468     -4.852     10.254
    44.250     12.666     -8.180      8.216
    44.300     12.082     -9.104      7.196
    44.350     10.818     -8.798      6.352
    44.400      8.624     -7.540      4.396
    44.450      6.838     -5.290      1.638
    44.500      5.230     -2.944     -0.768
    44.550      2.630     -1.264     -2.892
    44.600      0.466     -1.014     -4.374
    44.650     -1.282     -3.774     -6.256
    44.700     -2.480     -6.300     -7.232
    44.750     -3.900     -6.830     -7.700
    44.800     -4.938     -5.618     -7.080
    44.850     -6.144     -4.544     -5.848
    44.900     -7.048     -3.766     -4.300
    44.950     -7.528     -3.176     -1.720
    45.000     -8.550     -1.464      0.478
    45.050     -9.406      1.154      1.086
    45.100    -10.070      2.098      0.528
    45.150     -9.972      2.456     -0.876
    45.200     -8.948      4.064     -2.930
    45.250     -6.860      6.440     -5.758
    45.300     -5.048      6.274     -7.720
    45.350     -3.750      5.910     -9.806
    45.400     -3.120      5.406    -11.578
    45.450     -2.296      6.126    -12.346
    45.500     -2.196      6.846    -12.972
    45.550     -2.062      7.682    -11.700
    45.600     -2.462      8.864     -8.108
    45.650     -2.650     12.740     -4.578
    45.700     -2.598     17.004     -3.810
    45.750     -2.500     19.074     -2.756
    45.800     -2.278     18.726      0.082
    45.850     -1.366     17.802      3.344
    45.900      0.204     16.498      5.258
    45.950      1.430     13.898      5.992
    46.000      2.342      9.226      7.328
    46.050      2.518      6.346     10.588
    46.100      2.912      3.122     13.330
    46.150      4.020     -0.068     15.734
    46.200      5.138     -3.570     16.742
    46.250      6.238     -6.566     16.546
    46.300      6.874     -8.620     14.584
    46.350      7.216    -10.252     12.444
    46.400      7.636    -11.786     10.632
    46.450      8.042    -12.872      7.608
    46.500      8.584    -12.344      2.762
    46.550      9.048    -11.346     -2.972
    46.600      7.292     -8.804     -7.516
    46.650      5.798     -4.452    -11.134
    46.700      4.820     -1.504    -12.570
    46.750      3.038     -0.456    -13.148
    46.800      1.860     -0.990    -12.872
    46.850     -0.422     -2.266    -12.572
    46.900     -3.320     -3.416    -11.922
    46.950     -5.634     -3.758    -11.202
    47.000     -6.548     -5.480    -10.586
    47.050     -6.510     -9.610     -8.608
    47.100     -6.328    -14.498     -6.366
    47.150     -6.362    -18.356     -4.878
    47.200     -7.814    -20.394     -5.026
    47.250     -9.294    -20.708     -5.766
    47.300     -9.878    -19.428     -6.116
    47.350    -10.236    -18.360     -4.786
    47.400     -9.174    -17.690     -3.630
    47.450     -7.100    -18.288     -3.304
    47.500     -5.662    -18.264     -2.614
    47.550     -3.706    -15.852     -2.254
    47.600     -1.354    -12.766     -1.744
    47.650      1.130     -9.670     -1.016
    47.700      3.936     -6.590      0.010
    47.750      6.498     -2.638      1.678
    47.800      7.908      1.962      4.058
    47.850      7.656      6.578      6.370
    47.900      7.206     10.276      7.376
    47.950      6.788     14.294      8.624
    48.000      6.756     18.326     10.946
    48.050      6.606     21.968     13.682
    48.100      5.626     24.802     14.948
    48.150      4.632     26.478     14.780
    48.200      3.966     27.078     13.656
    48.250      3.286     27.940     11.294
    48.300      2.040     28.862      8.958
    48.350      1.316     28.606      7.668
    48.400      0.576     26.186      5.574
    48.450      0.374     22.084      2.306
    48.500     -0.240     18.180     -0.812
    48.550     -0.954     14.316     -0.784
    48.600     -1.458     10.378      1.590
    48.650     -2.780      7.132      2.628
    48.700     -3.752      4.532      2.960
    48.750     -4.626      2.594      2.994
    48.800     -5.214      0.406      2.286
    48.850     -5.504     -2.880      1.062
    48.900     -5.832     -6.368      0.386
    48.950     -5.528     -7.910      1.264
    49.000     -5.356     -7.146      3.284
    49.050     -4.788     -5.336      3.776
    49.100     -3.692     -4.286      0.970
    49.150     -3.038     -4.106     -3.060
    49.200     -2.854     -3.594     -5.712
    49.250     -1.644     -2.664     -5.566
    49.300      0.240     -2.908     -3.850
    49.350      3.068     -4.648     -3.020
    49.400      5.066     -7.004     -3.436
    49.450      6.142     -8.380     -4.518
    49.500      7.076     -8.854     -5.316
    49.550      7.624     -9.482     -5.316
    49.600      8.308     -9.498     -4.834
    49.650      8.852     -9.148     -3.544
    49.700      8.284     -9.402     -2.094
    49.750      5.724     -9.436     -1.824
    49.800      2.684     -9.504     -1.868
    49.850      1.100    -10.400     -1.854
    49.900     -0.288    -11.870     -0.996
    49.950     -1.244    -13.096      0.096
    50.000     -1.892    -13.276     -0.294
    50.050     -2.786    -12.860     -1.958
    50.100     -3.814    -12.476     -2.584
    50.150     -4.910    -11.670     -2.036
    50.200     -5.384    -11.222     -1.622
    50.250     -5.464    -11.130     -0.920
    50.300     -5.100     -9.420      0.366
    50.350     -5.800     -6.436      1.092
    50.400     -5.802     -3.198      1.416
    50.450     -5.028     -0.436      1.158
    50.500     -3.332      1.436      1.046
    50.550     -1.984      3.376      1.194
    50.600     -0.048      6.786      1.018
    50.650      1.432     10.250     -0.810
    50.700      3.006     11.942     -3.440
    50.750      5.060     12.474     -5.364
    50.800      7.012     12.744     -6.232
    50.850      7.784     12.570     -6.826
    50.900      8.206     12.790     -6.908
    50.950      8.016     13.940     -6.386
    51.000      7.290     14.908     -5.402
    51.050      6.080     15.016     -3.884
    51.100      4.764     15.096     -3.254
    51.150      3.584     15.312     -3.214
    51.200      2.844     15.454     -2.406
    51.250      1.860     14.660     -0.242
    51.300      0.556     12.398      1.684
    51.350     -1.208      8.846      3.098
    51.400     -3.242      5.630      4.038
    51.450     -5.952      3.378      3.810
    51.500     -8.412      1.964      2.696
    51.550     -9.748      0.090      1.382
    51.600    -10.594     -2.224      0.326
    51.650    -10.372     -3.590      0.218
    51.700     -9.744     -5.412      0.260
    51.750     -8.704     -8.328      0.426
    51.800     -7.524    -11.434      0.462
    51.850     -6.314    -13.074      0.472
    51.900     -4.890    -12.426     -0.082
    51.950     -2.804    -10.692     -0.916
    52.000     -0.842     -9.118     -1.648
    52.050      1.064     -7.228     -2.468
    52.100      2.932     -5.150     -4.496
    52.150      4.018     -3.588     -6.676
    52.200      4.670     -3.194     -6.924
    52.250      5.018     -3.380     -5.258
    52.300      5.438     -3.044     -3.238
    52.350      5.528     -1.454     -2.170
    52.400      5.454      0.236     -0.888
    52.450      5.146      1.600      1.318
    52.500      4.928      2.080      4.282
    52.550      4.788      2.316      6.046
    52.600      4.418      2.526      6.466
    52.650      3.582      2.072      7.000
    52.700      2.748      0.900      9.268
    52.750      1.638     -1.404     11.556
    52.800      0.784     -3.256     11.722
    52.850      0.586     -3.724     10.804
    52.900      0.408     -3.330      9.842
    52.950     -0.630     -2.576      9.126
    53.000     -2.014     -2.190      7.940
    53.050     -3.292     -2.346      6.706
    53.100     -4.338     -2.542      5.438
    53.150     -5.554     -3.190      4.000
    53.200     -6.610     -3.636      2.482
    53.250     -6.668     -2.712      1.512
    53.300     -6.278     -0.980      0.826
    53.350     -5.780      0.350      0.850
    53.400     -4.812      0.790      1.470
    53.450     -3.434     -0.760      2.444
    53.500     -1.100     -3.882      2.648
    53.550      0.790     -6.970      1.918
    53.600      2.776     -8.382      0.720
    53.650      5.204     -8.902      0.214
    53.700      7.138     -8.442     -0.630
    53.750      8.362     -7.656     -1.330
    53.800      8.688     -6.344     -2.180
    53.850      8.340     -4.458     -3.316
    53.900      7.396     -2.776     -4.432
    53.950      6.538     -0.424     -5.528
    54.000      5.866      2.056     -6.546
    54.050      4.934      4.750     -7.628
    54.100      4.404      7.774     -8.516
    54.150      2.958     10.058     -8.410
    54.200      1.252     10.904     -8.296
    54.250      0.080     10.994     -8.172
    54.300     -1.316     10.188     -7.508
    54.350     -2.564      9.374     -6.596
    54.400     -3.716      8.994     -5.808
    54.450     -5.648      8.840     -4.898
    54.500     -7.084      7.910     -3.560
    54.550     -8.022      6.740     -1.396
    54.600     -8.542      5.044      1.636
    54.650     -9.014      3.036      3.616
    54.700     -9.206      1.378      2.854
    54.750     -9.182      0.574      1.262
    54.800     -8.590      1.052      0.596
    54.850     -7.388      1.562      0.202
    54.900     -5.716      1.492     -0.236
    54.950     -3.786      1.592     -0.626
    55.000     -1.648      1.842     -1.252
    55.050     -0.440      1.842     -2.374
    55.100      1.094      1.798     -3.402
    55.150      2.544      1.846     -3.728
    55.200      3.816      1.590     -2.682
    55.250      4.686      0.296     -1.202
    55.300      5.350     -1.524     -0.114
    55.350      5.556     -3.212      0.334
    55.400      5.506     -3.164      1.956
    55.450      5.984     -2.228      4.250
    55.500      6.326     -1.586      6.304
    55.550      6.754     -1.432      7.726
    55.600      6.908     -2.122      8.250
    55.650      6.398     -3.206      8.202
    55.700      5.404     -4.068      8.550
    55.750      4.946     -3.978      8.864
    55.800      4.328     -3.896      7.564
    55.850      3.626     -3.086      5.736
    55.900      2.910     -1.726      4.352
    55.950      1.966     -0.092      2.352
    56.000      1.342      0.526     -0.046
    56.050      0.902      0.384     -2.622
    56.100      0.448     -0.172     -4.648
    56.150     -0.732     -0.812     -6.472
    56.200     -1.970     -0.458     -7.990
    56.250     -3.010      0.226     -9.262
    56.300     -3.604      1.082     -9.812
    56.350     -4.136      1.648     -9.072
    56.400     -4.820      1.702     -7.420
    56.450     -5.130      1.504     -6.122
    56.500     -5.056      1.522     -5.926
    56.550     -5.214      1.050     -5.720
    56.600     -5.422      0.172     -4.832
    56.650     -5.434     -1.048     -3.314
    56.700     -5.076     -2.616     -1.448
    56.750     -4.414     -3.502      0.326
    56.800     -3.882     -3.870      1.904
    56.850     -3.356     -3.704      3.228
    56.900     -2.870     -2.982      3.864
    56.950     -1.836     -2.150      4.412
    57.000     -0.760     -2.066      4.960
    57.050      0.082     -3.432      4.724
    57.100      0.478     -5.184      4.320
    57.150      0.898     -5.204      4.686
    57.200      1.768     -2.994      5.810
    57.250      2.532     -0.122      6.450
    57.300      3.290      1.836      5.718
    57.350      3.640      2.718      4.214
    57.400      3.416      3.116      2.972
    57.450      3.186      2.748      2.788
    57.500      3.322      2.244      4.034
    57.550      3.674      1.862      5.450
    57.600      3.860      2.160      5.168
    57.650      3.246      2.820      3.866
    57.700      2.632      3.538      3.004
    57.750      2.346      3.500      2.840
    57.800      2.064      3.086      2.912
    57.850      1.810      2.666      2.442
    57.900      1.450      2.104      1.404
    57.950      1.184      0.870      0.008
    58.000      0.522     -0.672     -1.566
    58.050      0.390     -1.554     -3.070
    58.100      0.096     -2.028     -4.654
    58.150      0.028     -2.234     -5.880
    58.200     -0.556     -2.420     -7.024
    58.250     -1.338     -2.986     -7.326
    58.300     -2.096     -4.226     -7.534
    58.350     -2.802     -5.236     -7.736
    58.400     -3.258     -5.864     -8.728
    58.450     -3.614     -6.700     -8.712
    58.500     -3.736     -7.308     -7.962
    58.550     -3.888     -6.936     -6.978
    58.600     -4.022     -6.140     -5.978
    58.650     -3.520     -5.486     -4.302
    58.700     -2.558     -4.726     -2.236
    58.750     -1.418     -2.722     -0.462
    58.800     -0.354     -0.540      0.952
    58.850      1.038      0.326      1.708
    58.900      1.862      0.604      2.198
    58.950      2.456      1.512      3.018
    59.000      2.854      3.020      4.164
    59.050      3.572      4.906      5.490
    59.100      3.708      7.032      6.212
    59.150      3.100      9.000      6.450
    59.200      2.310     10.516      6.484
    59.250      1.674     11.620      6.224
    59.300      1.558     11.898      5.774
    59.350      1.446     11.628      5.144
    59.400      1.472     11.172      4.342
    59.450      1.292     10.338      3.608
    59.500      1.208      8.964      2.174
    59.550      0.962      7.664      0.332
    59.600      0.726      6.874     -1.686
    59.650      0.324      6.236     -2.782
    59.700     -0.314      5.594     -2.662
    59.750     -1.262      4.648     -2.580
    59.800     -2.034      3.646     -2.624
    59.850     -2.734      2.696     -2.316
    59.900     -3.470      1.340     -1.374
    59.950     -3.784     -0.530      0.048
    60.000     -3.984     -1.460      1.356
    60.050     -3.526     -1.538      1.484
    60.100     -3.012     -1.844      0.614
    60.150     -2.318     -2.204      0.004
    60.200     -1.380     -3.208     -0.254
    60.250     -0.250     -4.982     -0.304
    60.300      1.240     -6.414     -0.082
    60.350      2.466     -6.992      0.210
    60.400      2.926     -7.612     -0.428
    60.450      2.960     -7.902     -1.582
    60.500      2.798     -7.646     -2.954
    60.550      2.882     -7.572     -3.982
    60.600      2.820     -8.152     -4.398
    60.650      2.492     -9.170     -4.700
    60.700      2.040    -10.448     -5.332
    60.750      1.078    -11.254     -5.788
    60.800      0.100    -11.246     -5.402
    60.850     -0.932    -11.090     -4.432
    60.900     -1.670    -10.952     -3.336
    60.950     -2.106    -10.584     -1.718
    61.000     -2.496    -10.114      0.232
    61.050     -2.756     -9.776      1.748
    61.100     -3.134     -9.222      3.398
    61.150     -3.234     -8.158      5.062
    61.200     -3.240     -6.336      6.296
    61.250     -3.336     -3.774      6.086
    61.300     -3.182     -0.996      4.662
    61.350     -2.860      1.184      3.020
    61.400     -2.536      2.802      2.318
    61.450     -1.444      4.784      2.924
    61.500     -0.126      6.754      3.508
    61.550      1.046      8.858      3.418
    61.600      1.804     11.522      3.040
    61.650      2.202     13.916      2.492
    61.700      2.638     15.562      1.334
    61.750      3.356     15.962     -0.070
    61.800      3.722     15.342     -0.916
    61.850      3.768     14.508     -0.822
    61.900      3.630     13.792     -0.166
    61.950      3.516     12.656      0.270
    62.000      3.360     10.432      0.146
    62.050      3.214      7.308      0.252
    62.100      2.656      4.454      1.058
    62.150      2.134      2.676      1.958
    62.200      1.760      2.296      3.000
    62.250      1.230      2.844      3.736
    62.300      0.488      2.604      4.364
    62.350     -0.736      1.304      4.698
    62.400     -2.114     -0.684      4.764
    62.450     -2.740     -3.194      5.104
    62.500     -3.056     -6.136      5.584
    62.550     -3.280     -8.262      5.308
    62.600     -3.130     -8.910      4.380
    62.650     -2.912     -7.762      3.512
    62.700     -2.906     -5.674      3.018
    62.750     -2.826     -4.018      2.224
    62.800     -2.366     -3.276      1.330
    62.850     -1.826     -2.772      0.838
    62.900     -1.612     -1.658     -0.318
    62.950     -1.598      0.292     -1.936
    63.000     -1.496      2.554     -3.904
    63.050     -0.816      4.322     -5.970
    63.100     -0.438      5.452     -8.228
    63.150      0.032      5.998    -11.034
    63.200      0.638      5.414    -13.494
    63.250      1.004      3.934    -14.404
    63.300      1.356      2.590    -14.106
    63.350      2.278      1.860    -13.442
    63.400      3.488      0.860    -12.514
    63.450      4.104     -0.582    -11.106
    63.500      4.176     -2.318     -9.508
    63.550      4.076     -4.336     -7.534
    63.600      4.036     -6.094     -4.722
    63.650      3.874     -7.318     -2.050
    63.700      3.506     -7.646     -0.150
    63.750      2.812     -7.042      1.460
    63.800      2.142     -6.452      3.158
    63.850      1.940     -5.902      4.752
    63.900      1.374     -4.886      5.774
    63.950      0.900     -3.590      6.250
    64.000      0.380     -2.482      6.606
    64.050     -0.312     -1.326      7.192
    64.100     -0.820     -0.284      7.682
    64.150     -1.346      0.662      7.500
    64.200     -1.990      0.934      6.450
    64.250     -2.468      0.862      4.742
    64.300     -2.670      0.572      3.144
    64.350     -2.738      0.090      2.202
    64.400     -2.728     -0.870      1.878
    64.450     -2.236     -1.552      1.836
    64.500     -1.960     -1.796      2.170
    64.550     -1.936     -2.062      2.332
    64.600     -1.848     -2.512      1.634
    64.650     -1.654     -2.618      0.608
    64.700     -1.344     -2.256      0.002
    64.750     -0.910     -2.030      0.164
    64.800     -0.430     -2.112      0.598
    64.850      0.010     -1.900      0.956
    64.900      0.458     -1.140      1.162
    64.950      0.958     -0.048      1.332
    65.000      1.374      0.932      1.534
    65.050      1.730      1.558      1.798
    65.100      2.172      1.570      1.910
    65.150      2.520      1.502      1.420
    65.200      2.340      1.838      0.410
    65.250      1.518      2.642     -0.462
    65.300      0.832      3.382     -0.854
    65.350      0.162      4.062     -1.524
    65.400     -0.726      4.978     -2.228
    65.450     -1.940      5.434     -2.950
    65.500     -3.120      5.034     -3.948
    65.550     -3.862      3.912     -5.370
    65.600     -4.194      2.432     -6.378
    65.650     -4.304      1.586     -6.438
    65.700     -4.474      1.670     -6.466
    65.750     -4.416      1.656     -6.756
    65.800     -3.902      1.804     -6.454
    65.850     -3.286      2.084     -5.144
    65.900     -2.714      1.340     -3.902
    65.950     -1.792      0.172     -2.830
    66.000     -0.690     -0.374     -1.304
    66.050      0.434     -0.024      0.690
    66.100      1.212      0.484      2.168
    66.150      1.790      0.478      3.236
    66.200      2.178     -0.320      4.254
    66.250      2.266     -1.360      4.980
    66.300      2.496     -1.862      5.482
    66.350      2.624     -1.716      5.966
    66.400      3.030     -1.930      6.394
    66.450      3.178     -2.620      6.332
    66.500      2.980     -3.130      5.682
    66.550      2.732     -2.788      4.906
    66.600      2.508     -1.886      3.954
    66.650      2.280     -1.188      2.676
    66.700      1.994     -0.650      1.606
    66.750      1.554      0.052      0.980
    66.800      1.116      0.732      0.328
    66.850      0.598      1.410     -0.526
    66.900      0.308      2.034     -0.870
    66.950      0.044      2.042     -0.682
    67.000     -0.456      1.786     -0.846
    67.050     -0.890      1.794     -0.538
    67.100     -1.064      2.092      0.886
    67.150     -1.048      1.936      2.284
    67.200     -1.184      1.372      2.944
    67.250     -1.432      1.084      2.630
    67.300     -1.984      0.702      1.818
    67.350     -2.198      0.086      1.358
    67.400     -2.320     -0.488      1.002
    67.450     -1.930     -0.950      0.766
    67.500     -1.166     -1.524      0.040
    67.550     -0.714     -1.854     -1.130
    67.600     -0.678     -1.946     -2.310
    67.650     -0.836     -1.918     -3.054
    67.700     -0.808     -1.520     -3.398
    67.750     -0.280     -1.114     -3.254
    67.800      0.182     -0.552     -2.580
    67.850      0.468      0.106     -2.288
    67.900      0.894      0.132     -2.576
    67.950      1.418     -0.172     -2.672
    68.000      1.686      0.002     -1.876
    68.050      1.826      0.910     -0.496
    68.100      1.692      2.202      0.810
    68.150      1.326      3.004      1.788
    68.200      0.962      2.964      2.286
    68.250      0.726      2.416      2.332
    68.300      0.808      1.832      2.060
    68.350      1.148      1.306      1.310
    68.400      1.572      0.836      0.410
    68.450      1.812      0.902     -0.490
    68.500      1.786      0.988     -1.168
    68.550      1.564      0.750     -1.616
    68.600      1.368      0.450     -1.870
    68.650      1.460      0.054     -1.426
    68.700      1.244     -0.428     -0.844
    68.750      0.556     -0.920     -0.626
    68.800     -0.204     -0.896     -0.492
    68.850     -0.428     -1.082     -0.600
    68.900     -0.468     -2.074     -0.708
    68.950     -0.356     -3.218     -0.744
    69.000     -0.148     -3.792     -1.324
    69.050     -0.092     -3.894     -2.318
    69.100     -0.198     -3.624     -3.434
    69.150     -0.162     -3.378     -3.784
    69.200     -0.132     -3.866     -3.284
    69.250     -0.254     -4.830     -1.884
    69.300     -0.368     -6.038     -0.840
    69.350     -0.568     -6.878     -0.012
    69.400     -0.572     -7.156      0.140
    69.450     -0.430     -6.534     -0.294
    69.500     -0.138     -4.846     -0.914
    69.550     -0.118     -2.568     -0.988
    69.600     -0.228     -0.450     -0.296
    69.650     -0.760      1.218      0.174
    69.700     -1.402      2.434      0.308
    69.750     -1.874      3.612      0.630
    69.800     -1.962      4.600      0.824
    69.850     -1.764      5.154      0.540
    69.900     -1.506      5.922      0.480
    69.950     -1.166      6.574      0.804
    70.000     -1.042      6.364      0.916
    70.050     -1.134      5.950      1.046
    70.100     -0.978      5.648      0.930
    70.150     -0.570      4.854      0.950
    70.200     -0.372      3.520      1.438
    70.250     -0.240      2.260      2.000
    70.300     -0.040      0.972      2.290
    70.350      0.006     -0.698      2.598
    70.400      0.716     -2.118      2.616
    70.450      1.162     -2.676      1.982
    70.500      2.106     -2.146      1.268
    70.550      2.278     -1.500      0.604
    70.600      3.230     -0.728      0.976
    70.650      2.564     -0.560      1.924
    70.700      3.032     -1.110      3.798
    70.750      2.312     -1.982      4.162
    70.800      1.646     -2.646      4.374
    70.850      0.590     -2.504      3.984
    70.900     -0.462     -2.420      3.580
    70.950     -1.066     -1.990      2.394
    71.000     -1.622     -1.602      1.414
    71.050     -1.686     -1.254      0.890
    71.100     -1.734     -0.726      0.598
    71.150     -1.688     -0.014      0.354
    71.200     -1.578      1.032     -0.032
    71.250     -1.464      2.296     -0.530
    71.300     -1.172      3.108     -0.494
    71.350     -0.902      3.436     -0.002
    71.400     -0.968      3.952      0.174
    71.450     -1.034      4.616      0.002
    71.500     -1.130      5.296     -0.354
    71.550     -1.050      5.446     -0.588
    71.600     -0.638      5.252     -0.790
    71.650     -0.256      4.424     -0.778
    71.700      0.052      3.314     -0.860
    71.750      0.266      2.298     -1.624
    71.800      0.322      1.404     -2.842
    71.850      0.520      0.846     -4.380
    71.900      0.860      0.744     -5.674
    71.950      1.034      0.598     -6.338
    72.000      1.240      0.276     -6.482
    72.050      1.400     -0.164     -6.028
    72.100      1.606     -0.588     -5.508
    72.150      1.620     -0.760     -5.502
    72.200      1.512     -0.972     -5.736
    72.250      1.358     -1.372     -5.820
    72.300      1.328     -1.256     -5.240
    72.350      1.286     -0.524     -3.788
    72.400      1.216     -0.148     -2.174
    72.450      0.566     -0.670     -1.228
    72.500     -0.204     -1.350     -0.674
    72.550     -0.676     -1.766     -0.094
    72.600     -1.162     -2.102      0.752
    72.650     -1.238     -2.126      1.604
    72.700     -0.838     -1.898      2.580
    72.750     -0.514     -1.790      3.966
    72.800     -0.370     -1.762      5.280
    72.850     -0.470     -1.696      5.934
    72.900     -0.428     -2.040      6.372
    72.950     -0.344     -2.814      7.286
    73.000     -0.062     -3.176      8.240
    73.050      0.202     -3.196      8.732
    73.100      0.698     -3.178      8.072
    73.150      0.910     -3.130      6.604
    73.200      0.824     -2.738      4.934
    73.250      0.838     -1.934      2.936
    73.300      0.968     -1.762      0.518
    73.350      0.816     -2.340     -1.962
    73.400      0.212     -3.036     -3.540
    73.450     -0.218     -3.416     -3.966
    73.500     -0.600     -3.524     -3.926
    73.550     -0.672     -3.394     -3.924
    73.600     -0.834     -2.814     -4.244
    73.650     -1.404     -2.622     -4.350
    73.700     -1.868     -2.386     -4.216
    73.750     -2.208     -1.420     -3.956
    73.800     -2.200     -0.252     -3.544
    73.850     -2.212      0.468     -2.764
    73.900     -2.128      0.474     -2.430
    73.950     -2.380      0.170     -2.710
    74.000     -2.026      0.038     -2.684
    74.050     -1.514      0.544     -2.110
    74.100     -0.636      1.496     -0.844
    74.150      0.228      2.802      0.184
    74.200      0.974      4.102      0.932
    74.250      1.072      5.078      1.248
    74.300      1.272      5.876      1.544
    74.350      1.314      6.468      1.674
    74.400      1.316      6.180      1.884
    74.450      1.472      5.940      2.040
    74.500      1.472      5.770      2.502
    74.550      1.290      6.044      2.606
    74.600      1.170      5.634      2.296
    74.650      0.632      4.580      1.740
    74.700      0.442      3.482      0.636
    74.750     -0.314      2.966     -0.508
    74.800     -0.536      2.878     -1.570
    74.850     -1.048      2.926     -2.340
    74.900     -1.076      2.790     -2.506
    74.950     -1.388      2.436     -2.438
    75.000     -1.690      1.884     -2.060
    75.050     -2.212      1.360     -1.826
    75.100     -2.476      0.426     -1.990
    75.150     -2.638     -0.458     -2.388
    75.200     -2.704     -1.748     -2.218
    75.250     -2.652     -3.222     -1.704
    75.300     -2.444     -4.552     -0.912
    75.350     -1.558     -5.180     -0.496
    75.400     -0.804     -5.988      0.018
    75.450      0.338     -6.356      0.616
    75.500      0.866     -6.434      1.514
    75.550      1.354     -6.244      2.312
    75.600      1.618     -5.824      2.894
    75.650      1.770     -5.106      3.234
    75.700      2.006     -4.310      3.438
    75.750      2.316     -3.358      3.604
    75.800      2.650     -2.284      3.846
    75.850      2.814     -1.250      3.990
    75.900      2.744     -0.548      4.304
    75.950      2.640     -0.342      4.584
    76.000      2.826     -0.016      4.802
    76.050      3.268      0.178      4.538
    76.100      3.702     -0.218      4.028
    76.150      3.676     -0.902      3.718
    76.200      3.728     -1.334      3.238
    76.250      3.798     -1.432      2.496
    76.300      3.370     -1.336      1.738
    76.350      2.596     -0.876      1.330
    76.400      1.782     -0.466      1.042
    76.450      0.966     -0.460      0.766
    76.500      0.008     -0.486      0.466
    76.550     -0.916      0.048      0.124
    76.600     -1.810      0.952     -0.298
    76.650     -2.422      2.008     -0.982
    76.700     -2.792      3.028     -1.576
    76.750     -2.868      3.656     -2.010
    76.800     -3.014      3.790     -2.316
    76.850     -2.906      3.534     -2.320
    76.900     -2.686      3.470     -1.796
    76.950     -2.340      4.004     -0.912
    77.000     -2.148      4.920     -0.444
    77.050     -2.278      5.634     -0.796
    77.100     -2.472      5.768     -1.612
    77.150     -2.424      5.186     -2.330
    77.200     -2.144      3.990     -3.182
    77.250     -1.896      2.928     -4.082
    77.300     -1.640      2.214     -4.744
    77.350     -1.246      1.510     -5.126
    77.400     -0.880      0.592     -5.144
    77.450     -0.632     -0.444     -4.904
    77.500     -0.312     -0.996     -4.516
    77.550      0.036     -1.248     -3.990
    77.600      0.404     -1.468     -3.292
    77.650      0.658     -1.656     -2.556
    77.700      0.716     -2.212     -2.322
    77.750      0.768     -2.876     -2.352
    77.800      0.648     -3.284     -2.062
    77.850      0.386     -3.358     -1.150
    77.900      0.272     -3.262      0.366
    77.950      0.370     -2.800      1.882
    78.000      0.558     -1.946      3.290
    78.050      0.758     -0.988      4.390
    78.100      1.068     -0.650      5.200
    78.150      1.420     -0.734      5.878
    78.200      1.674     -0.686      6.446
    78.250      1.798     -0.936      6.990
    78.300      1.750     -1.210      7.448
    78.350      1.426     -1.546      7.546
    78.400      1.136     -1.892      6.868
    78.450      0.998     -1.770      5.388
    78.500      1.052     -1.256      3.264
    78.550      1.406     -0.838      1.316
    78.600      1.704     -1.154     -0.056
    78.650      1.842     -1.570     -1.334
    78.700      1.790     -1.730     -2.628
    78.750      1.448     -1.546     -3.660
    78.800      0.942     -0.984     -4.538
    78.850      0.502     -0.328     -5.410
    78.900      0.172      0.152     -5.916
    78.950     -0.152      0.394     -5.904
    79.000     -0.570      0.876     -5.688
    79.050     -1.090      1.844     -5.430
    79.100     -1.444      3.078     -5.288
    79.150     -1.682      4.080     -5.242
    79.200     -1.916      4.702     -4.694
    79.250     -2.196      5.232     -3.504
    79.300     -2.298      5.268     -2.180
    79.350     -2.292      4.506     -1.056
    79.400     -2.286      3.132      0.060
    79.450     -2.308      1.512      1.070
    79.500     -2.174     -0.262      1.376
    79.550     -2.038     -1.958      1.146
    79.600     -1.838     -3.438      0.996
    79.650     -1.428     -4.758      1.022
    79.700     -0.802     -5.476      1.316
    79.750     -0.152     -5.356      1.762
    79.800      0.700     -4.718      1.908
    79.850      1.430     -3.916      1.566
    79.900      1.556     -2.966      0.730
    79.950      1.736     -1.890     -0.250
    80.000      1.798     -0.926     -1.096
    80.050      1.976     -0.110     -1.410
    80.100      2.078      0.614     -1.214
    80.150      1.924      1.356     -0.836
    80.200      1.374      2.096     -0.576
    80.250      0.744      2.632     -0.304
    80.300      0.140      3.262      0.052
    80.350     -0.412      3.818      0.642
    80.400     -0.580      4.144      1.402
    80.450     -0.594      3.842      1.928
    80.500     -0.786      3.118      2.328
    80.550     -1.026      2.140      2.600
    80.600     -1.146      1.084      2.900
    80.650     -1.164      0.316      2.880
    80.700     -0.922     -0.094      2.396
    80.750     -0.426     -0.424      1.796
    80.800     -0.034     -0.994      1.316
    80.850      0.426     -1.692      0.880
    80.900      0.730     -2.670      0.324
    80.950      1.220     -3.372     -0.450
    81.000      1.532     -3.324     -1.192
    81.050      1.776     -2.644     -1.672
    81.100      1.928     -1.548     -1.930
    81.150      1.784     -0.564     -1.680
    81.200      1.424     -0.168     -0.928
    81.250      0.994     -0.238     -0.116
    81.300      0.532     -0.356      0.330
    81.350     -0.004     -0.072      0.236
    81.400     -0.486      0.704      0.148
    81.450     -0.866      1.368      0.374
    81.500     -1.172      1.592      0.768
    81.550     -1.318      1.472      1.248
    81.600     -1.468      1.108      1.808
    81.650     -1.766      0.424      2.416
    81.700     -1.916     -0.196      2.912
    81.750     -1.944     -0.540      3.200
    81.800     -1.860     -0.590      3.174
    81.850     -1.802     -0.408      3.044
    81.900     -1.758     -0.034      2.780
    81.950     -1.496      0.310      2.374
    82.000     -0.972      0.724      1.978
    82.050     -0.294      1.200      1.988
    82.100      0.274      1.706      2.234
    82.150      0.612      1.470      2.556
    82.200      0.930      0.898      2.404
    82.250      1.140      0.652      1.982
    82.300      1.280      0.784      1.348
    82.350      1.198      0.754      0.242
    82.400      1.012      0.580     -1.074
    82.450      0.668      0.548     -2.026
    82.500      0.260      1.224     -2.328
    82.550      0.042      2.046     -2.538
    82.600      0.012      2.490     -2.894
    82.650      0.016      2.258     -3.112
    82.700      0.076      1.638     -3.012
    82.750      0.382      1.008     -3.296
    82.800      0.696      0.400     -3.602
    82.850      0.904     -0.092     -3.622
    82.900      1.074     -0.508     -3.284
    82.950      1.282     -1.004     -2.524
    83.000      1.454     -1.338     -1.678
    83.050      1.512     -1.796     -0.982
    83.100      1.462     -2.050     -0.472
    83.150      1.452     -2.158     -0.014
    83.200      1.482     -2.004      0.278
    83.250      1.486     -1.864      0.240
    83.300      1.410     -1.952     -0.094
    83.350      1.112     -2.640     -0.364
    83.400      0.858     -3.474     -0.596
    83.450      0.636     -3.868     -0.964
    83.500      0.602     -3.326     -1.446
    83.550      0.620     -2.148     -1.788
    83.600      0.662     -1.108     -1.870
    83.650      0.664     -0.286     -1.720
    83.700      0.622      0.620     -1.624
    83.750      0.366      1.676     -1.534
    83.800      0.140      2.596     -1.306
    83.850     -0.182      3.228     -1.032
    83.900     -0.520      3.756     -0.952
    83.950     -0.882      4.272     -0.596
    84.000     -1.112      4.564     -0.260
    84.050     -1.426      4.318      0.032
    84.100     -1.526      3.510      0.184
    84.150     -1.428      2.862      0.784
    84.200     -1.460      2.148      1.792
    84.250     -1.632      1.354      2.648
    84.300     -1.740      0.854      2.920
    84.350     -1.880      0.804      2.984
    84.400     -1.966      0.972      3.178
    84.450     -2.104      0.856      3.538
    84.500     -2.054      0.686      3.860
    84.550     -1.752      0.646      4.090
    84.600     -1.382      0.784      4.016
    84.650     -1.188      0.778      3.630
    84.700     -1.062      0.638      3.220
    84.750     -0.954      0.334      3.096
    84.800     -1.010     -0.068      2.808
    84.850     -1.108     -0.644      2.290
    84.900     -1.142     -1.376      1.632
    84.950     -0.860     -2.110      1.000
    85.000     -0.400     -2.918      0.092
    85.050      0.088     -3.806     -1.286
    85.100      0.476     -4.440     -2.452
    85.150      0.924     -4.666     -3.196
    85.200      1.296     -4.718     -3.860
    85.250      1.418     -4.520     -4.526
    85.300      1.492     -4.254     -4.862
    85.350      1.510     -4.376     -4.962
    85.400      1.338     -4.578     -5.056
    85.450      1.128     -4.724     -5.066
    85.500      0.842     -4.812     -4.844
    85.550      0.352     -4.882     -4.476
    85.600     -0.054     -4.890     -3.926
    85.650     -0.226     -4.502     -3.354
    85.700     -0.316     -3.994     -2.958
    85.750     -0.306     -3.190     -2.784
    85.800     -0.184     -2.198     -2.660
    85.850      0.012     -1.362     -2.214
    85.900      0.342     -0.554     -1.360
    85.950      0.942     -0.008     -0.082
    86.000      1.610      0.308      1.176
    86.050      2.062      0.704      2.332
    86.100      2.504      1.452      3.288
    86.150      2.682      2.502      4.012
    86.200      2.792      3.362      4.468
    86.250      2.880      3.902      4.544
    86.300      2.852      4.140      4.296
    86.350      2.514      4.316      3.762
    86.400      2.128      4.650      3.492
    86.450      1.558      5.036      3.474
    86.500      0.966      4.960      3.594
    86.550      0.240      4.710      3.298
    86.600     -0.640      4.666      2.466
    86.650     -1.610      4.672      1.194
    86.700     -2.588      4.368      0.140
    86.750     -3.294      3.790     -0.452
    86.800     -3.714      3.268     -0.814
    86.850     -3.906      3.034     -1.232
    86.900     -4.054      2.708     -1.304
    86.950     -4.054      2.380     -1.402
    87.000     -3.732      2.022     -1.622
    87.050     -3.234      1.532     -1.880
    87.100     -2.594      0.896     -2.052
    87.150     -2.000      0.412     -2.084
    87.200     -1.630      0.274     -1.952
    87.250     -1.336      0.282     -1.992
    87.300     -0.916      0.452     -1.876
    87.350     -0.506      0.706     -1.794
    87.400     -0.042      0.752     -1.866
    87.450      0.350      0.518     -1.948
    87.500      0.784      0.200     -1.848
    87.550      1.254      0.046     -1.498
    87.600      1.794      0.078     -0.956
    87.650      2.408      0.232     -0.342
    87.700      2.858      0.444      0.056
    87.750      3.150      0.652      0.070
    87.800      3.144      0.724      0.220
    87.850      2.988      0.426      0.816
    87.900      2.718     -0.206      1.600
    87.950      2.488     -0.720      2.448
    88.000      2.340     -1.004      3.444
    88.050      2.108     -1.076      4.352
    88.100      1.750     -1.074      4.800
    88.150      1.170     -1.106      4.662
    88.200      0.700     -1.528      4.536
    88.250      0.288     -2.328      4.392
    88.300     -0.238     -3.140      3.712
    88.350     -0.804     -3.490      2.836
    88.400     -1.152     -3.654      2.344
    88.450     -1.432     -3.880      2.042
    88.500     -1.640     -4.032      1.642
    88.550     -1.662     -4.016      1.148
    88.600     -1.564     -3.876      0.738
    88.650     -1.360     -3.562      0.356
    88.700     -1.174     -3.040      0.146
    88.750     -0.896     -2.336      0.032
    88.800     -0.554     -1.478     -0.330
    88.850     -0.258     -0.524     -0.836
    88.900     -0.066      0.642     -1.404
    88.950      0.064      1.630     -1.778
    89.000      0.248      2.212     -1.864
    89.050      0.400      2.366     -1.750
    89.100      0.374      2.236     -1.622
    89.150      0.204      1.632     -1.460
    89.200     -0.004      0.916     -1.458
    89.250     -0.190      0.398     -1.682
    89.300     -0.318     -0.036     -2.004
    89.350     -0.250     -0.676     -1.970
    89.400     -0.036     -1.364     -1.644
    89.450      0.182     -1.928     -1.364
    89.500      0.384     -2.176     -1.238
    89.550      0.546     -1.924     -1.168
    89.600      0.460     -1.132     -0.854
    89.650      0.310     -0.354     -0.650
    89.700      0.320      0.100     -0.868
    89.750      0.170      0.302     -1.328
    89.800     -0.168      0.352     -1.680
    89.850     -0.402      0.470     -1.950
    89.900     -0.628      0.858     -1.870
    89.950     -0.828      1.448     -1.504
    90.000     -0.902      1.794     -0.972
    90.050     -1.080      1.970     -0.776
    90.100     -1.062      1.908     -0.644
    90.150     -0.992      1.706     -0.570
    90.200     -0.830      1.390     -0.588
    90.250     -0.648      1.204     -0.430
    90.300     -0.434      1.226      0.174
    90.350     -0.364      1.288      0.910
    90.400     -0.370      1.218      1.142
    90.450     -0.210      0.996      0.962
    90.500     -0.046      0.822      0.740
    90.550      0.302      0.532      0.566
    90.600      0.706     -0.186      0.604
    90.650      1.184     -0.790      0.972
    90.700      1.414     -1.054      1.166
    90.750      1.398     -1.102      1.150
    90.800      1.246     -0.836      1.064
    90.850      1.070     -0.666      1.108
    90.900      0.828     -0.938      1.238
    90.950      0.494     -1.382      1.270
    91.000      0.264     -1.796      1.178
    91.050      0.140     -2.112      1.086
    91.100      0.084     -2.240      0.854
    91.150      0.050     -2.206      0.510
    91.200     -0.010     -2.290      0.004
    91.250     -0.114     -2.398     -0.566
    91.300     -0.286     -2.322     -1.038
    91.350     -0.646     -1.842     -1.216
    91.400     -0.926     -1.066     -1.222
    91.450     -1.118     -0.110     -1.330
    91.500     -1.174      0.542     -1.578
    91.550     -1.134      1.052     -1.518
    91.600     -0.924      1.466     -1.170
    91.650     -0.708      1.734     -0.680
    91.700     -0.434      1.926     -0.188
    91.750     -0.042      2.226      0.104
    91.800      0.304      2.652      0.530
    91.850      0.434      2.956      0.710
    91.900      0.506      2.896      0.726
    91.950      0.374      2.792      0.820
    92.000      0.156      3.090      0.810
    92.050     -0.042      3.506      0.666
    92.100     -0.068      3.834      0.192
    92.150     -0.044      4.166     -0.176
    92.200     -0.070      4.512     -0.382
    92.250     -0.106      4.812     -0.632
    92.300     -0.264      5.204     -0.620
    92.350     -0.358      5.638     -0.496
    92.400     -0.386      5.720     -0.450
    92.450     -0.372      5.556     -0.190
    92.500     -0.380      5.320      0.136
    92.550     -0.270      5.248      0.590
    92.600     -0.256      5.126      0.840
    92.650     -0.172      4.778      0.810
    92.700     -0.204      4.260      0.680
    92.750     -0.084      3.366      0.410
    92.800      0.162      2.084      0.172
    92.850      0.332      0.536      0.198
    92.900      0.464     -0.940      0.420
    92.950      0.530     -2.056      0.758
    93.000      0.740     -2.990      1.004
    93.050      1.006     -3.852      1.188
    93.100      1.182     -4.652      1.276
    93.150      1.290     -5.348      1.312
    93.200      1.288     -6.034      1.310
    93.250      1.146     -6.602      1.066
    93.300      0.944     -7.220      0.868
    93.350      0.632     -7.790      0.836
    93.400      0.274     -8.234      0.824
    93.450      0.074     -8.320      0.536
    93.500     -0.090     -7.998     -0.018
    93.550     -0.082     -7.700     -0.560
    93.600     -0.104     -7.328     -0.798
    93.650     -0.006     -6.930     -0.892
    93.700      0.212     -6.766     -1.106
    93.750      0.450     -6.584     -1.186
    93.800      0.506     -6.288     -1.182
    93.850      0.374     -6.026     -1.016
    93.900      0.224     -5.488     -0.896
    93.950      0.230     -4.708     -0.640
    94.000      0.226     -3.588     -0.360
    94.050      0.100     -2.392     -0.098
    94.100      0.066     -1.268      0.196
    94.150      0.096     -0.068      0.674
    94.200      0.014      1.334      1.228
    94.250     -0.054      3.170      1.572
    94.300     -0.160      4.924      1.854
    94.350     -0.200      6.320      1.958
    94.400     -0.304      7.464      1.518
    94.450     -0.406      7.950      0.722
    94.500     -0.590      7.828     -0.052
    94.550     -0.734      7.096     -0.688
    94.600     -0.818      6.130     -1.174
    94.650     -0.880      5.190     -1.598
    94.700     -0.790      4.418     -1.998
    94.750     -0.800      3.638     -2.406
    94.800     -0.712      2.536     -2.614
    94.850     -0.544      1.606     -2.688
    94.900     -0.342      0.818     -2.836
    94.950     -0.378      0.108     -3.082
    95.000     -0.378     -0.438     -3.340
    95.050     -0.408     -0.942     -3.268
    95.100     -0.472     -1.234     -2.876
    95.150     -0.620     -1.506     -2.386
    95.200     -0.758     -1.378     -1.864
    95.250     -1.038     -1.074     -1.344
    95.300     -0.906     -1.206     -0.910
    95.350     -1.062     -1.076     -0.638
    95.400     -0.876     -1.092     -0.308
    95.450     -0.804     -1.234      0.232
    95.500     -0.644     -1.654      0.662
    95.550     -0.598     -1.712      0.976
    95.600     -0.348     -1.662      1.250
    95.650      0.028     -1.226      1.562
    95.700      0.104     -0.546      1.888
    95.750      0.226      0.006      2.250
    95.800      0.144      0.554      2.626
    95.850      0.128      0.766      2.826
    95.900      0.044      0.840      2.708
    95.950      0.082      0.846      2.432
    96.000      0.280      1.096      2.232
    96.050      0.546      1.426      2.312
    96.100      1.102      1.872      2.582
    96.150      1.352      2.256      2.824
    96.200      1.636      2.450      2.884
    96.250      1.800      2.594      2.726
    96.300      1.690      2.758      2.634
    96.350      1.588      3.056      2.730
    96.400      1.398      3.440      2.824
    96.450      1.230      3.564      2.654
    96.500      0.964      3.208      2.158
    96.550      0.624      2.554      1.626
    96.600      0.232      1.806      1.010
    96.650     -0.040      1.146      0.518
    96.700     -0.150      0.442      0.174
    96.750     -0.118     -0.496     -0.044
    96.800     -0.186     -1.616     -0.166
    96.850     -0.186     -2.786     -0.082
    96.900     -0.148     -3.662      0.066
    96.950     -0.202     -4.112      0.248
    97.000     -0.356     -4.212      0.166
    97.050     -0.486     -4.008     -0.228
    97.100     -0.506     -3.696     -0.718
    97.150     -0.608     -3.562     -1.054
    97.200     -0.574     -3.548     -1.272
    97.250     -0.492     -3.480     -1.354
    97.300     -0.336     -3.342     -1.494
    97.350     -0.294     -2.890     -1.636
    97.400     -0.302     -2.368     -1.902
    97.450     -0.422     -1.636     -2.246
    97.500     -0.518     -0.668     -2.340
    97.550     -0.614      0.470     -2.112
    97.600     -0.524      1.504     -1.702
    97.650     -0.204      2.262     -1.372
    97.700      0.078      2.806     -1.404
    97.750      0.372      3.154     -1.812
    97.800      0.540      3.350     -2.418
    97.850      0.656      3.562     -2.896
    97.900      0.588      3.840     -3.090
    97.950      0.564      4.058     -2.744
    98.000      0.664      4.104     -2.222
    98.050      0.678      3.840     -1.886
    98.100      0.580      3.348     -1.768
    98.150      0.482      2.776     -1.772
    98.200      0.448      2.088     -1.690
    98.250      0.472      1.330     -1.604
    98.300      0.500      0.706     -1.534
    98.350      0.408      0.070     -1.246
    98.400      0.312     -0.558     -0.978
    98.450      0.206     -0.944     -0.632
    98.500      0.132     -1.234     -0.122
    98.550      0.198     -1.658      0.488
    98.600      0.246     -2.114      1.118
    98.650      0.310     -2.226      1.630
    98.700      0.504     -1.922      1.984
    98.750      0.578     -1.240      2.164
    98.800      0.434     -0.694      2.344
    98.850      0.530     -0.318      2.510
    98.900      0.466     -0.076      2.558
    98.950      0.388      0.234      2.342
    99.000      0.132      0.636      2.204
    99.050      0.108      0.924      2.302
    99.100     -0.012      0.962      2.466
    99.150      0.052      0.938      2.412
    99.200      0.042      0.642      2.070
    99.250      0.104      0.146      1.558
    99.300      0.002     -0.564      0.742
    99.350     -0.216     -1.318      0.144
    99.400     -0.430     -1.874     -0.402
    99.450     -0.536     -2.270     -0.808
    99.500     -0.690     -2.576     -1.300
    99.550     -0.642     -2.988     -1.804
    99.600     -0.616     -3.318     -2.258
    99.650     -0.584     -3.506     -2.418
    99.700     -0.444     -3.440     -2.424
    99.750     -0.432     -3.468     -2.310
    99.800     -0.314     -3.186     -1.958
    99.850     -0.108     -2.832     -1.168
    99.900      0.004     -2.354     -0.364
    99.950      0.020     -2.060      0.194
